>hw5_W_0
GENE_1_ISO_2:0.0225334504999
GENE_1_ISO_2:0.0484685232182
GENE_2_ISO_1:0.0357452602909
GENE_3_ISO_4:0.00275072591913
GENE_3_ISO_2:0.00124462230185
GENE_3_ISO_3:0.00527996436006
GENE_3_ISO_4:0.0100602393411
GENE_3_ISO_5:0.0130860011965
GENE_3_ISO_6:0.00106852186295
GENE_4_ISO_1:0.0595678108371
GENE_5_ISO_1:0.0786037858557
GENE_6_ISO_1:0.0246594852328
GENE_7_ISO_1:0.0153583003087
GENE_7_ISO_2:0.00693725068882
GENE_7_ISO_3:0.00317575891822
GENE_7_ISO_4:0.00850021766337
GENE_7_ISO_5:0.00205186355544
GENE_7_ISO_6:0.0138094700673
GENE_8_ISO_1:0.0733032592572
GENE_9_ISO_1:0.0803998081739
GENE_10_ISO_1:0.00718077658284
GENE_11_ISO_1:0.0822098739684
GENE_12_ISO_1:0.0563559158664
GENE_13_ISO_1:0.104902425229
GENE_14_ISO_1:0.0436603300403
GENE_15_ISO_1:0.00534572973668
GENE_15_ISO_2:0.0343924284998
GENE_15_ISO_3:0.0183805649086
GENE_16_ISO_1:0.0769291289042
GENE_17_ISO_1:0.0640385067144
