>hw5_W_0
GENE_1_ISO_1:0.00169076537875
GENE_1_ISO_2:0.00169076537875
GENE_2_ISO_1:0.0572260422683
GENE_3_ISO_1:0.0246862494219
GENE_3_ISO_2:0.0
GENE_3_ISO_3:0.0
GENE_3_ISO_4:0.0246862494219
GENE_3_ISO_5:0.0134851205062
GENE_3_ISO_6:0.0075580191734
GENE_4_ISO_1:0.0664002958061
GENE_5_ISO_1:0.0668353681672
GENE_6_ISO_1:0.0491535590444
GENE_7_ISO_1:0.0492518815962
GENE_7_ISO_2:0.00516116050639
GENE_7_ISO_3:0.00534523783254
GENE_7_ISO_4:0.00109219367607
GENE_7_ISO_5:0.0
GENE_7_ISO_6:0.0129660068026
GENE_8_ISO_1:0.0801487647104
GENE_9_ISO_1:0.0892500737184
GENE_10_ISO_1:0.00995380817963
GENE_11_ISO_1:0.0467695246675
GENE_12_ISO_1:0.0657866970683
GENE_13_ISO_1:0.0929288126801
GENE_14_ISO_1:0.0614545091333
GENE_15_ISO_1:0.0473691778374
GENE_15_ISO_2:0.0045070536115
GENE_15_ISO_3:0.0119895357539
GENE_16_ISO_1:0.0651819465078
GENE_17_ISO_1:0.0609312209907
