>hw5_E_1
GENE_1_ISO_1:0.055763842073
GENE_2_ISO_1:0.0589465150175
GENE_3_ISO_1:0.0252586483571
GENE_3_ISO_2:0.0252586483571
GENE_4_ISO_1:0.0135269392638
GENE_4_ISO_2:0.0113361893271
GENE_4_ISO_3:0.0
GENE_4_ISO_4:0.0345400936733
GENE_4_ISO_5:0.0083599711355
GENE_5_ISO_1:0.0625980998202
GENE_5_ISO_2:0.0057337333768
GENE_5_ISO_3:0.0
GENE_5_ISO_4:0.0
GENE_6_ISO_1:0.0587405478982
GENE_7_ISO_1:0.0514098590665
GENE_8_ISO_1:0.0533458696266
GENE_9_ISO_1:0.0575532313156
GENE_10_ISO_1:0.0635803624371
GENE_11_ISO_1:0.054254038772
GENE_12_ISO_1:0.0532266277618
GENE_13_ISO_1:0.0614596869118
GENE_14_ISO_1:0.064489909844
GENE_15_ISO_1:0.0555042076832
GENE_16_ISO_1:0.0489517734468
GENE_17_ISO_1:0.0593901301068
GENE_18_ISO_1:0.0
GENE_18_ISO_2:0.0465403295777
GENE_18_ISO_3:0.00923660995145
GENE_18_ISO_4:0.0
GENE_18_ISO_5:0.0
GENE_19_ISO_1:0.0558718940006
