>hw5_W_1
GENE_1_ISO_1:0.0280905364413
GENE_2_ISO_1:0.00245004393824
GENE_2_ISO_2:0.00665514971359
GENE_2_ISO_3:0.0101583892071
GENE_2_ISO_4:0.0112677154261
GENE_2_ISO_5:0.0223196661355
GENE_3_ISO_1:0.020326174951
GENE_4_ISO_1:0.052370963033
GENE_5_ISO_1:0.00286990749534
GENE_5_ISO_2:0.0126195609599
GENE_5_ISO_3:0.020502728302
GENE_6_ISO_1:0.0685058578793
GENE_7_ISO_1:0.0555510572665
GENE_8_ISO_1:0.0620609961609
GENE_9_ISO_1:0.0186384180544
GENE_9_ISO_2:0.0306125148811
GENE_10_ISO_1:0.0741440833927
GENE_11_ISO_1:0.0562322681614
GENE_12_ISO_1:0.0524853832249
GENE_13_ISO_5:0.00305329375562
GENE_13_ISO_2:0.00455343004998
GENE_13_ISO_3:0.00481254581749
GENE_13_ISO_4:0.00424104840689
GENE_13_ISO_5:0.00272843213024
GENE_13_ISO_6:0.00067105578194
GENE_14_ISO_3:0.0336775027288
GENE_14_ISO_2:0.0279582992369
GENE_14_ISO_3:0.00920121843376
GENE_15_ISO_1:0.0163312300202
GENE_16_ISO_1:0.0309578084918
GENE_16_ISO_2:0.0396131558636
GENE_16_ISO_3:0.00456176690589
GENE_17_ISO_5:0.0217273378193
GENE_17_ISO_2:0.000546607395221
GENE_17_ISO_3:0.0101006034157
GENE_17_ISO_4:0.00817526168876
GENE_17_ISO_5:0.0141025403942
GENE_17_ISO_6:0.0115577810144
GENE_18_ISO_1:0.0444892962316
GENE_19_ISO_1:0.00989489380405
GENE_19_ISO_2:0.0135528390289
GENE_20_ISO_1:0.0307882660658
GENE_21_ISO_1:0.0294944961784
GENE_22_ISO_1:0.00528914856963
GENE_23_ISO_1:0.0100587261468
