>hw5_W_2
GENE_1_ISO_1:0.0267119507361
GENE_2_ISO_1:0.0650470898938
GENE_3_ISO_1:0.00245646730642
GENE_3_ISO_2:0.00773865255534
GENE_4_ISO_1:0.0812914463646
GENE_5_ISO_1:0.00018015953358
GENE_5_ISO_2:0.0193798251328
GENE_6_ISO_1:0.075623763299
GENE_7_ISO_1:0.0722214735344
GENE_8_ISO_1:0.0652113561766
GENE_9_ISO_1:0.0790256352348
GENE_10_ISO_1:0.0456100191704
GENE_10_ISO_2:0.00262118817459
GENE_10_ISO_3:0.0184741947351
GENE_10_ISO_4:0.0
GENE_11_ISO_1:0.117891804289
GENE_11_ISO_2:0.0
GENE_11_ISO_3:0.0
GENE_12_ISO_1:0.0712891793915
GENE_13_ISO_1:0.0277715264217
GENE_13_ISO_2:0.0
GENE_14_ISO_1:0.0679536847725
GENE_15_ISO_1:0.0658060482613
GENE_16_ISO_1:0.0748639771978
GENE_17_ISO_1:0.0812961019207
GENE_18_ISO_1:0.0695043827709
