>hw5_W_2
GENE_1_ISO_1:0.0992957891346
GENE_2_ISO_1:0.0377467701936
GENE_3_ISO_1:0.036444523652
GENE_3_ISO_2:0.0296748888317
GENE_4_ISO_1:0.0586341549737
GENE_5_ISO_1:0.0113330364093
GENE_5_ISO_2:0.00910568406547
GENE_6_ISO_1:0.0939547804297
GENE_7_ISO_1:0.0241745358613
GENE_8_ISO_1:0.0132612718002
GENE_9_ISO_1:0.0635440541077
GENE_10_ISO_1:0.0150939936033
GENE_10_ISO_2:0.0110185353234
GENE_10_ISO_3:0.0255691975557
GENE_10_ISO_4:0.00150877176627
GENE_11_ISO_1:0.0134436421384
GENE_11_ISO_2:0.0269710146233
GENE_11_ISO_3:0.0221752467868
GENE_12_ISO_1:0.0311009317036
GENE_13_ISO_1:0.028415834141
GENE_13_ISO_2:0.009149716517
GENE_14_ISO_1:0.0509941385224
GENE_15_ISO_1:0.0653342033228
GENE_16_ISO_1:0.0879322547476
GENE_17_ISO_1:0.0831724069102
GENE_18_ISO_1:0.0509506228789
